00021
00029
00051
00055
00067
00086
00097
00155
00263
00267
00302
00429
00444
00597
00682
00676
00693
00786
00807
00831
00839
00858
00883
00920
00973
01023
01036
01108
01123
01136
01246
01253
01278
01284
01408
01557
01565
01595
01619
01623
01661
01699
01704
01711
01715
01742
01799
01847
01852
01856
01864
01964
01968
01990
02054
02058
02062
02066
02073
02077
02087
02096
02120
02296
02383
02616
02940
03005
03122
03237
03501
03614
03618
03832
03953
03957
00344
00348
00363
00397
00429
00438
00444
00502
01178
01180
01979
03518
03571
00663
00954
01011
01242
01211
01274
01288
01336
01378
01875
01905
01975
01989
01998
02292
03537
03547
02350